0	6	7
7	13	7
14	14	1
15	15	1
16	169	154
170	258	89
259	302	44
303	632	330
633	657	25
658	1500	843
1501	1570	70
1571	1675	105
1676	2048	373
2049	2090	42
2091	2293	203
2294	2338	45
2339	2780	442
2781	2820	40
2821	2913	93
2914	2947	34
2948	3015	68
3016	3288	273
3289	3377	89
3378	3587	210
3588	3632	45
3633	3734	102
3735	3889	155
3890	4261	372
4262	4302	41
4303	4464	162
4465	4546	82
4547	4817	271
4818	4927	110
4928	5366	439
5367	5442	76
5443	5709	267
5710	5745	36
5746	5839	94
5840	5870	31
5871	5979	109
5980	6019	40
6020	6068	49
6069	6119	51
6120	6154	35
6155	6228	74
6229	6338	110
6339	6361	23
6362	6406	45
6407	6499	93
6500	6955	456
6956	6968	13
6969	7072	104
7073	7168	96
7169	7271	103
7272	8622	1351
8623	8738	116
8739	8820	82
8821	9127	307
9128	9232	105
9233	9330	98
9331	9428	98
9429	9526	98
9527	9624	98
9625	9722	98
9723	9828	106
9829	9934	106
9935	10032	98
10033	10139	107
10140	10155	16
10156	11378	1223
11379	11417	39
11418	11632	215
11633	11676	44
11677	11732	56
11733	11733	1
11734	11754	21
11755	11762	8
11763	11816	54
11817	11885	69
11886	11935	50
11936	11980	45
11981	12065	85
12066	12146	81
12147	12587	441
12588	13098	511
13099	13135	37
13136	14214	1079
14215	14858	644
14859	15831	973
15832	19734	3903
19735	20684	950
20685	20716	32
20717	20739	23
20740	20812	73
20813	20934	122
20935	21050	116
21051	21088	38
21089	21191	103
21192	21251	60
21252	21386	135
21387	21449	63
21450	21591	142
21592	21643	52
21644	21704	61
21705	21836	132
21837	21887	51
21888	22055	168
22056	22155	100
22156	22186	31
22187	22243	57
22244	22286	43
22287	22362	76
22363	22431	69
22432	22604	173
22605	22670	66
22671	22735	65
22736	22795	60
22796	22838	43
22839	22872	34
22873	22897	25
22898	23114	217
23115	23345	231
23346	23516	171
23517	23593	77
23594	23755	162
23756	23853	98
23854	23885	32
23886	24013	128
24014	24200	187
24201	24355	155
24356	24449	94
24450	24520	71
24521	24750	230
24751	24862	112
24863	25048	186
25049	25136	88
25137	25199	63
25200	25268	69
25269	25319	51
25320	25498	179
25499	25552	54
25553	25626	74
25627	25701	75
25702	25745	44
25746	25857	112
25858	26083	226
26084	26120	37
26121	26302	182
26303	26927	625
26928	27010	83
27011	27074	64
27075	27200	126
27201	27238	38
27239	27327	89
27328	27551	224
27552	27588	37
27589	27605	17
27606	27647	42
27648	27685	38
27686	27754	69
27755	27789	35
27790	27856	67
27857	27898	42
27899	27982	84
27983	28027	45
28028	28047	20
28048	28090	43
28091	28177	87
28178	28238	61
28239	28267	29
28268	28296	29
28297	28337	41
28338	28363	26
28364	28403	40
28404	28501	98
28502	28542	41
28543	28669	127
28670	28723	54
28724	28882	159
28883	28952	70
28953	29095	143
29096	29145	50
29146	29344	199
29345	29464	120
29465	29694	230
29695	29949	255
29950	30126	177
30127	30135	9
30136	30158	23
30159	30159	1
30160	30160	1
30161	30161	1
30162	30164	3
30165	30168	4
30169	30169	1
30170	30170	1
30171	30171	1
30172	30172	1
30173	30179	7
30180	30183	4
30184	30184	1
30185	30185	1
30186	30192	7
30193	30193	1
30194	30194	1
30195	30346	152
30347	30492	146
30493	33533	3041
33534	34392	859
34393	34917	525
34918	35227	310
35228	35447	220
35448	35528	81
35529	35607	79
35608	35810	203
35811	35938	128
35939	36200	262
36201	36391	191
36392	36468	77
36469	37334	866
37335	37476	142
37477	37598	122
37599	37911	313
37912	37982	71
37983	38054	72
38055	38091	37
38092	38152	61
38153	38259	107
38260	38353	94
38354	38389	36
38390	38557	168
38558	38634	77
38635	38789	155
38790	38932	143
38933	39017	85
39018	39055	38
39056	39076	21
39077	39114	38
39115	39174	60
39175	39303	129
39304	39434	131
39435	39470	36
39471	39687	217
39688	39746	59
39747	42210	2464
42211	42415	205
42416	42503	88
42504	42675	172
42676	42783	108
42784	42898	115
42899	42972	74
42973	43013	41
43014	43082	69
43083	43416	334
43417	43438	22
43439	43655	217
43656	43795	140
43796	43946	151
43947	43950	4
43951	43951	1
43952	43952	1
43953	43953	1
43954	43954	1
43955	43955	1
43956	43956	1
43957	43977	21
43978	44171	194
44172	44182	11
44183	44324	142
44325	44396	72
44397	44690	294
44691	44984	294
44985	45762	778
45763	45882	120
45883	46078	196
46079	46079	1
46080	46080	1
46081	46081	1
46082	46082	1
46083	46083	1
46084	46084	1
46085	46085	1
46086	46091	6
46092	46345	254
46346	46455	110
46456	46508	53
46509	46730	222
46731	46812	82
46813	47288	476
47289	47381	93
47382	47865	484
47866	47929	64
47930	47974	45
47975	48044	70
48045	48077	33
48078	48134	57
48135	48199	65
48200	48359	160
48360	48479	120
48480	48647	168
48648	48760	113
48761	48914	154
48915	49052	138
49053	49082	30
49083	49128	46
49129	49708	580
49709	50122	414
50123	50474	352
50475	50540	66
50541	50698	158
50699	50699	1
50700	50700	1
50701	50701	1
50702	52136	1435
52137	52206	70
52207	52246	40
52247	52297	51
52298	52532	235
52533	52590	58
52591	52675	85
52676	52787	112
52788	52901	114
52902	52995	94
52996	53160	165
53161	53425	265
53426	53673	248
53674	53775	102
53776	53809	34
53810	53876	67
53877	53927	51
53928	54112	185
54113	54136	24
54137	54194	58
54195	54381	187
54382	54443	62
54444	54517	74
54518	54588	71
54589	54695	107
54696	54798	103
54799	54892	94
54893	54978	86
54979	55054	76
55055	55193	139
55194	55322	129
55323	55413	91
55414	55485	72
55486	55644	159
55645	55724	80
55725	55763	39
55764	55877	114
55878	55916	39
55917	56129	213
56130	56220	91
56221	56466	246
56467	56505	39
56506	56571	66
56572	56717	146
56718	56821	104
56822	56889	68
56890	57165	276
57166	57261	96
57262	57352	91
57353	57379	27
57380	57577	198
57578	57673	96
57674	57768	95
57769	57825	57
57826	57909	84
57910	57973	64
57974	58058	85
58059	58189	131
58190	58373	184
58374	58422	49
58423	58535	113
58536	58633	98
58634	58684	51
58685	58718	34
58719	58752	34
58753	58837	85
58838	58885	48
58886	59074	189
59075	59112	38
59113	59173	61
59174	59240	67
59241	59361	121
59362	59505	144
59506	59798	293
59799	60054	256
60055	60096	42
60097	60153	57
60154	60200	47
60201	60310	110
60311	60406	96
60407	60636	230
60637	60736	100
60737	61005	269
61006	61081	76
61082	61184	103
61185	61219	35
61220	61416	197
61417	61485	69
61486	61536	51
61537	61596	60
61597	61717	121
61718	61920	203
61921	62092	172
62093	62338	246
62339	62499	161
62500	62551	52
62552	62602	51
62603	62651	49
62652	62684	33
62685	62727	43
62728	62797	70
62798	62871	74
62872	62924	53
62925	62955	31
62956	63000	45
63001	63261	261
63262	63531	270
63532	63700	169
63701	63847	147
63848	63921	74
63922	63980	59
63981	64046	66
64047	64145	99
64146	64200	55
64201	64322	122
64323	64465	143
64466	64491	26
64492	64549	58
64550	64587	38
64588	64945	358
64946	65005	60
65006	65082	77
65083	65214	132
65215	65330	116
65331	65380	50
65381	65464	84
65465	65500	36
65501	65597	97
65598	65662	65
65663	65768	106
65769	65973	205
65974	66084	111
66085	66235	151
66236	66385	150
66386	66589	204
66590	66653	64
66654	66795	142
66796	66830	35
66831	67081	251
67082	67300	219
67301	67356	56
67357	67408	52
67409	67657	249
67658	67676	19
67677	67714	38
67715	67752	38
67753	67818	66
67819	68108	290
68109	68141	33
68142	69785	1644
69786	70365	580
70366	70930	565
70931	71756	826
71757	71804	48
71805	71805	1
71806	71806	1
71807	71807	1
71808	71808	1
71809	71809	1
71810	71810	1
71811	71811	1
71812	73102	1291
73103	73205	103
73206	73247	42
73248	73262	15
73263	73310	48
73311	73353	43
73354	74308	955
74309	74574	266
74575	74958	384
74959	75083	125
75084	75315	232
75316	75656	341
75657	75768	112
75769	76846	1078
76847	77128	282
77129	77766	638
77767	78202	436
78203	78223	21
78224	78798	575
78799	79033	235
79034	79072	39
79073	79375	303
79376	79529	154
79530	79654	125
79655	79754	100
79755	79856	102
79857	80614	758
80615	80742	128
80743	80842	100
80843	80896	54
80897	80922	26
80923	80971	49
80972	81028	57
81029	81047	19
81048	81079	32
81080	81128	49
81129	81260	132
81261	81278	18
81279	81693	415
81694	82728	1035
82729	84703	1975
84704	84833	130
84834	84869	36
84870	84907	38
84908	85264	357
85265	85420	156
85421	85494	74
85495	85531	37
85532	85556	25
85557	85905	349
85906	85941	36
85942	86050	109
86051	86122	72
86123	86706	584
86707	86772	66
86773	86831	59
86832	86870	39
86871	86956	86
86957	87029	73
87030	87084	55
87085	87093	9
87094	87108	15
87109	87135	27
87136	87151	16
87152	87195	44
87196	87352	157
87353	87492	140
87493	87536	44
87537	87610	74
87611	87692	82
87693	87800	108
87801	88015	215
88016	88081	66
88082	88716	635
88717	88979	263
88980	89102	123
89103	89164	62
89165	89398	234
89399	89454	56
89455	89559	105
89560	89641	82
89642	89753	112
89754	89820	67
89821	89894	74
89895	90065	171
90066	90170	105
90171	90249	79
90250	90605	356
90606	90671	66
90672	90932	261
90933	91290	358
91291	91535	245
91536	91536	1
91537	91644	108
91645	91740	96
91741	91854	114
91855	92036	182
92037	93416	1380
93417	93621	205
93622	94751	1130
94752	94950	199
94951	96185	1235
96186	96392	207
96393	96711	319
96712	96930	219
96931	97921	991
97922	98198	277
98199	98940	742
98941	99107	167
99108	99293	186
99294	99737	444
99738	99773	36
99774	99858	85
99859	99872	14
99873	99904	32
99905	99923	19
99924	100153	230
100154	100307	154
100308	100416	109
100417	101636	1220
101637	101717	81
101718	101813	96
101814	101872	59
101873	101906	34
101907	102060	154
102061	102105	45
102106	102261	156
102262	102377	116
102378	102477	100
102478	102524	47
102525	102974	450
102975	104187	1213
104188	104310	123
104311	104378	68
104379	104513	135
104514	104596	83
104597	104675	79
104676	104716	41
104717	104804	88
104805	104846	42
104847	104941	95
104942	105193	252
105194	105311	118
105312	105973	662
105974	106105	132
106106	107660	1555
107661	107775	115
107776	107896	121
107897	108294	398
108295	108627	333
108628	108722	95
108723	108859	137
108860	109002	143
109003	109155	153
109156	109412	257
109413	112098	2686
112099	112470	372
112471	112591	121
112592	112706	115
112707	112787	81
112788	112917	130
112918	112975	58
112976	113154	179
113155	115518	2364
115519	118806	3288
118807	118952	146
118953	118968	16
118969	119017	49
119018	119092	75
119093	119233	141
119234	119341	108
119342	119385	44
119386	119537	152
119538	119567	30
119568	119654	87
119655	119754	100
119755	119864	110
119865	119929	65
119930	119980	51
119981	120146	166
120147	120166	20
120167	120267	101
120268	120404	137
120405	120617	213
120618	120900	283
120901	121239	339
121240	122308	1069
122309	122365	57
122366	122404	39
122405	122442	38
122443	122520	78
122521	122590	70
122591	122683	93
122684	122754	71
122755	123281	527
123282	123367	86
123368	123447	80
123448	123527	80
123528	123606	79
123607	123679	73
123680	123776	97
123777	123813	37
123814	123827	14
123828	123828	1
123829	123829	1
123830	123830	1
123831	123831	1
123832	123834	3
123835	123904	70
123905	123995	91
123996	124057	62
124058	124993	936
124994	125086	93
125087	125157	71
125158	125160	3
125161	125330	170
125331	125418	88
125419	125485	67
125486	125626	141
125627	125716	90
125717	125899	183
125900	126052	153
126053	126177	125
126178	126632	455
126633	126853	221
126854	126933	80
126934	127246	313
127247	128604	1358
128605	129529	925
129530	129619	90
129620	129797	178
129798	129963	166
129964	130045	82
130046	130238	193
130239	130284	46
130285	130401	117
130402	130477	76
130478	130773	296
130774	130826	53
130827	130950	124
130951	131007	57
131008	131329	322
131330	131398	69
131399	131537	139
131538	131681	144
131682	131778	97
131779	131823	45
131824	131887	64
131888	131960	73
131961	131967	7
131968	131974	7
131975	131995	21
131996	132410	415
132411	132472	62
132473	132546	74
132547	132677	131
132678	132740	63
132741	133594	854
133595	134440	846
134441	134580	140
134581	134998	418
134999	135230	232
135231	135384	154
135385	135439	55
135440	135499	60
135500	135695	196
135696	135803	108
135804	135942	139
135943	136075	133
136076	136157	82
136158	136218	61
136219	136247	29
136248	136248	1
136249	136249	1
136250	136256	7
136257	136268	12
136269	136269	1
136270	136272	3
136273	136273	1
136274	136277	4
136278	136289	12
136290	136307	18
136308	136336	29
136337	136476	140
136477	136586	110
136587	136712	126
136713	137037	325
137038	137060	23
137061	137188	128
137189	137230	42
137231	137313	83
137314	137398	85
137399	137455	57
137456	137487	32
137488	137504	17
137505	137524	20
137525	137561	37
137562	137666	105
137667	137730	64
137731	137780	50
137781	137807	27
137808	137863	56
137864	137892	29
137893	137893	1
137894	137894	1
137895	137895	1
137896	137993	98
137994	138392	399
138393	138400	8
138401	138428	28
138429	138445	17
138446	138524	79
138525	138525	1
138526	138547	22
138548	138574	27
138575	138595	21
138596	138631	36
138632	138661	30
138662	138673	12
138674	138733	60
138734	138756	23
138757	138768	12
138769	138806	38
138807	138875	69
138876	138946	71
138947	138989	43
138990	139040	51
139041	139165	125
139166	139280	115
139281	139363	83
139364	139381	18
139382	139507	126
139508	139513	6
139514	139595	82
139596	139837	242
139838	139938	101
139939	140241	303
140242	140399	158
140400	140549	150
140550	140611	62
140612	140715	104
140716	140797	82
140798	140895	98
140896	141849	954
141850	142295	446
142296	142419	124
142420	142483	64
142484	142547	64
142548	143203	656
143204	143410	207
143411	143501	91
143502	143947	446
143948	144438	491
144439	144570	132
144571	144634	64
144635	144798	164
144799	144889	91
144890	145038	149
145039	145102	64
145103	145166	64
145167	145210	44
145211	145258	48
145259	145301	43
145302	145359	58
145360	145430	71
145431	145468	38
145469	145534	66
145535	145695	161
145696	145835	140
145836	145896	61
145897	146006	110
146007	146086	80
146087	146153	67
146154	146300	147
146301	146405	105
146406	146647	242
146648	146725	78
146726	147176	451
147177	147266	90
147267	147320	54
147321	147422	102
147423	147531	109
147532	147619	88
147620	147669	50
147670	147791	122
147792	147861	70
147862	147889	28
147890	147910	21
147911	147946	36
147947	147975	29
147976	147993	18
147994	148008	15
148009	148139	131
148140	148332	193
148333	148348	16
148349	148349	1
148350	148350	1
148351	148353	3
148354	149013	660
149014	149838	825
149839	149979	141
149980	150052	73
150053	150264	212
150265	150831	567
150832	151310	479
151311	151416	106
151417	151548	132
151549	151573	25
151574	151706	133
151707	151745	39
151746	151794	49
151795	151818	24
151819	151953	135
151954	152063	110
152064	152220	157
152221	152333	113
152334	152448	115
152449	152584	136
152585	152684	100
152685	152759	75
152760	152866	107
152867	152867	1
152868	152917	50
152918	153051	134
153052	153153	102
153154	154299	1146
154300	154391	92
154392	156598	2207
156599	156701	103
156702	156782	81
156783	156846	64
156847	156958	112
156959	157114	156
157115	157265	151
157266	157307	42
157308	157363	56
157364	157449	86
157450	157490	41
157491	157530	40
157531	157594	64
157595	158586	992
158587	158695	109
158696	158756	61
158757	158805	49
158806	158897	92
158898	158980	83
158981	160020	1040
160021	160323	303
160324	160561	238
160562	160717	156
160718	160793	76
160794	161039	246
161040	161283	244
161284	161702	419
161703	161967	265
161968	162144	177
162145	162153	9
162154	162179	26
162180	162206	27
162207	162229	23
162230	162336	107
162337	162646	310
162647	162715	69
162716	162847	132
162848	163082	235
163083	163124	42
163125	163427	303
163428	163668	241
163669	164068	400
164069	164102	34
164103	164219	117
164220	164516	297
164517	164623	107
164624	164700	77
164701	164759	59
164760	164790	31
164791	164826	36
164827	164856	30
164857	164924	68
164925	165008	84
165009	165110	102
165111	165157	47
165158	165236	79
165237	165351	115
165352	165439	88
165440	165640	201
165641	165941	301
165942	166095	154
166096	166215	120
166216	166258	43
166259	166353	95
166354	166407	54
166408	166443	36
166444	166482	39
166483	166557	75
166558	166597	40
166598	166727	130
166728	166863	136
166864	166966	103
166967	166981	15
166982	168036	1055
168037	168307	271
168308	168427	120
168428	168622	195
168623	170226	1604
170227	170388	162
170389	170485	97
170486	170611	126
170612	170656	45
170657	170701	45
170702	170864	163
170865	170930	66
170931	171103	173
171104	171146	43
171147	171313	167
171314	171356	43
171357	171445	89
171446	171584	139
171585	171695	111
171696	171729	34
171730	171954	225
171955	172036	82
172037	172158	122
172159	172210	52
172211	172403	193
172404	172476	73
172477	172764	288
172765	172981	217
172982	173215	234
173216	173571	356
173572	173689	118
173690	173959	270
173960	174071	112
174072	174340	269
174341	174594	254
174595	174654	60
174655	174708	54
174709	174841	133
174842	175253	412
175254	175413	160
175414	175542	129
175543	175670	128
175671	175700	30
175701	175725	25
175726	175743	18
175744	176062	319
176063	176104	42
176105	176428	324
176429	176627	199
176628	176698	71
176699	177008	310
177009	177198	190
177199	178300	1102
178301	178817	517
178818	178884	67
178885	179163	279
179164	179285	122
179286	179509	224
179510	179609	100
179610	179722	113
179723	179784	62
179785	179854	70
179855	179959	105
179960	180224	265
180225	180268	44
180269	180324	56
180325	180374	50
180375	180512	138
180513	180553	41
180554	180780	227
180781	181003	223
181004	181309	306
181310	181534	225
181535	183515	1981
183516	183977	462
183978	185257	1280
185258	185314	57
185315	185368	54
185369	185418	50
185419	185454	36
185455	185940	486
185941	185987	47
185988	186079	92
186080	186119	40
186120	186336	217
186337	186453	117
186454	186518	65
186519	186563	45
186564	186664	101
186665	186725	61
186726	186782	57
186783	186936	154
186937	187017	81
187018	187103	86
187104	187208	105
187209	187348	140
187349	187429	81
187430	187579	150
187580	187581	2
187582	187636	55
187637	187668	32
187669	187814	146
187815	187948	134
187949	188252	304
188253	188314	62
188315	188429	115
188430	188459	30
188460	188460	1
188461	188646	186
188647	188744	98
188745	188971	227
188972	189051	80
189052	189223	172
189224	189351	128
189352	189438	87
189439	189595	157
189596	189800	205
189801	189867	67
189868	189933	66
189934	190008	75
190009	190060	52
190061	190086	26
190087	190256	170
190257	190340	84
190341	190468	128
190469	190503	35
190504	191384	881
191385	191540	156
191541	191785	245
191786	191880	95
191881	193661	1781
193662	193690	29
193691	193736	46
193737	194008	272
194009	194105	97
194106	194186	81
194187	194220	34
194221	194518	298
194519	194541	23
194542	194656	115
194657	194747	91
194748	194940	193
194941	195218	278
195219	195261	43
195262	195366	105
195367	195456	90
195457	195522	66
195523	195604	82
195605	195901	297
195902	195936	35
195937	196058	122
196059	196114	56
196115	196166	52
196167	196195	29
196196	196254	59
196255	196315	61
196316	196404	89
196405	196453	49
196454	196606	153
196607	196816	210
196817	196888	72
196889	196958	70
196959	197110	152
197111	197144	34
197145	197195	51
197196	197284	89
197285	197467	183
197468	197530	63
197531	197557	27
197558	197613	56
197614	197850	237
197851	197967	117
197968	198213	246
198214	198439	226
198440	198599	160
198600	198674	75
198675	198705	31
198706	198789	84
198790	198827	38
198828	198900	73
198901	198976	76
198977	198997	21
198998	198998	1
198999	199037	39
199038	199155	118
199156	199229	74
199230	199253	24
199254	199268	15
199269	199269	1
199270	199270	1
199271	199271	1
199272	199272	1
199273	199273	1
199274	199274	1
199275	199275	1
199276	199276	1
199277	199277	1
199278	199278	1
199279	199279	1
199280	199280	1
199281	199344	64
199345	199346	2
199347	199347	1
199348	199348	1
199349	199349	1
199350	199350	1
199351	199351	1
199352	199352	1
199353	199353	1
199354	199460	107
199461	199461	1
199462	199462	1
199463	199469	7
199470	199470	1
199471	199472	2
199473	199595	123
199596	199616	21
199617	199617	1
199618	199618	1
199619	199622	4
199623	199623	1
199624	199644	21
199645	199767	123
199768	199811	44
199812	200326	515
200327	200509	183
200510	200512	3
200513	200513	1
200514	200525	12
200526	200620	95
200621	200916	296
200917	201195	279
201196	201889	694
201890	202141	252
202142	202283	142
202284	202322	39
202323	202408	86
202409	202451	43
202452	202476	25
202477	202523	47
202524	202594	71
202595	202628	34
202629	202686	58
202687	202757	71
202758	202886	129
202887	202945	59
202946	203038	93
203039	203101	63
203102	203248	147
203249	203334	86
203335	203517	183
203518	203571	54
203572	203716	145
203717	203783	67
203784	203896	113
203897	204091	195
204092	204158	67
204159	204203	45
204204	204304	101
204305	204362	58
204363	204426	64
204427	204468	42
204469	204581	113
204582	204644	63
204645	204750	106
204751	204775	25
204776	204799	24
204800	204823	24
204824	204936	113
204937	204962	26
204963	205033	71
205034	205078	45
205079	205269	191
205270	205368	99
205369	205487	119
205488	205624	137
205625	205742	118
205743	206574	832
206575	206651	77
206652	206739	88
206740	206791	52
206792	206884	93
206885	207011	127
207012	207215	204
207216	207309	94
207310	207365	56
207366	207960	595
207961	207981	21
207982	208440	459
208441	208586	146
208587	208784	198
208785	208828	44
208829	209208	380
209209	209360	152
209361	209429	69
209430	209498	69
209499	209504	6
209505	209561	57
209562	209594	33
209595	209637	43
209638	209756	119
209757	209810	54
209811	209922	112
209923	210022	100
210023	210114	92
210115	210192	78
210193	210271	79
210272	210323	52
210324	210402	79
210403	210418	16
210419	210768	350
210769	210990	222
210991	211056	66
211057	211188	132
211189	211440	252
211441	211626	186
211627	211863	237
211864	212024	161
212025	212258	234
212259	212449	191
212450	213297	848
213298	213412	115
213413	213649	237
213650	213813	164
213814	213915	102
213916	214104	189
214105	214193	89
214194	214410	217
214411	214766	356
214767	215435	669
215436	215443	8
215444	215579	136
215580	222028	6449
